Country,30-34,35-39,40-44,45-49,50-54,55-59,60-64,65-69,70-74,75-79,80+,Total
Afghanistan,120,144,158,217,292,365,473,586,566,469,492,3881
Albania,1,1,1,2,4,7,12,16,30,43,93,211
Algeria,34,39,44,62,87,118,189,207,276,341,1021,2418
Andorra,0,0,0,0,0,0,0,0,0,0,0,0
Angola,55,65,76,92,120,157,217,202,233,228,301,1745
Antigua+Barbuda,0,0,0,0,0,0,0,0,0,0,1,2
Argentina,10,14,18,25,49,78,127,178,231,284,1167,2181
Armenia,1,2,3,4,7,13,18,22,26,69,150,316
Australia,1,1,2,3,6,10,18,33,46,63,317,499
Austria,1,1,2,4,8,16,29,50,72,87,368,639
Azerbaijan,11,11,13,19,32,40,47,41,46,88,146,493
Bahamas,1,1,1,1,1,2,2,2,3,4,10,26
Bahrain,2,2,2,3,5,7,6,7,9,9,20,73
Bangladesh,460,632,734,1147,1570,1925,2454,3869,5710,5939,12626,37065
Barbados,0,0,0,0,0,0,0,0,0,1,3,5
Belarus,4,6,9,13,21,29,34,33,30,52,94,326
Belgium,1,2,3,7,16,34,58,89,112,181,954,1458
Belize,0,0,0,0,1,1,1,1,1,2,4,11
Benin,25,29,33,45,59,75,92,114,150,132,191,945
Bhutan,2,3,3,4,6,8,11,16,21,24,57,154
Bolivia,2,2,3,3,5,6,10,13,21,26,107,199
Bosnia+Herzegovina,0,1,1,3,5,8,18,27,32,65,105,265
Botswana,7,9,9,11,13,16,23,22,26,24,33,194
Brazil,113,149,197,285,457,628,854,1109,1334,1652,5307,12085
Brunei Darussalam,0,0,0,0,0,0,0,0,0,1,1,4
Bulgaria,3,4,8,12,20,34,54,86,97,117,330,766
Burkina Faso,29,32,34,42,53,64,74,90,112,95,102,725
Burundi,23,23,26,36,49,72,85,78,92,99,138,722
Cambodia,54,27,43,61,89,103,166,185,225,231,340,1524
Cameroon,39,42,45,56,72,93,122,160,206,207,306,1350
Canada,5,6,11,19,45,85,129,240,344,464,2257,3606
Cape Verde,1,1,1,1,2,2,2,2,3,5,14,33
Central African Rep.,15,17,21,27,36,48,66,78,97,92,105,601
Chad,27,30,32,40,56,74,97,112,139,130,176,912
Chile,2,3,5,7,13,20,32,48,72,93,426,722
China,552,677,1486,2992,4786,7070,17642,25322,34746,48471,123608,267350
Colombia,4,4,5,9,14,20,32,45,64,80,274,551
Comoros,0,0,0,0,0,1,1,1,1,1,1,7
Congo,5,7,8,10,12,16,20,24,30,31,46,211
Cook Islands,0,0,0,0,0,0,0,0,0,0,0,0
Costa Rica,0,1,1,1,2,2,3,4,6,9,36,64
Croatia,0,1,1,3,6,11,20,32,42,82,228,426
Cuba,3,4,9,16,31,40,77,103,139,184,655,1261
Cyprus,0,0,1,1,2,3,5,9,14,23,81,139
Czech Republic,2,4,6,9,17,34,66,104,115,117,408,882
Cote dIvoire,46,53,60,77,103,133,161,187,212,175,174,1380
Dem.Peo.Rep.of Korea,26,31,73,130,189,368,373,896,1516,1761,2348,7709
Dem.Rep.of the Congo,159,180,211,282,365,506,682,849,982,896,1132,6244
Denmark,0,1,1,3,7,14,26,54,77,112,429,725
Djibouti,2,2,2,3,4,5,6,8,9,9,13,64
Dominica,0,0,0,0,0,0,0,0,0,0,0,0
Dominican Republic,4,4,5,6,9,12,18,22,29,41,171,321
Ecuador,3,3,4,5,7,8,12,15,22,29,128,236
Egypt,145,167,208,357,632,936,1152,1342,1168,943,1697,8748
El Salvador,6,6,7,8,12,16,22,26,38,49,203,393
Equatorial Guinea,1,1,1,1,1,1,2,2,2,2,4,18
Eritrea,14,15,15,19,24,33,43,59,73,73,87,454
Estonia,0,0,1,1,2,3,3,4,4,6,13,38
Ethiopia,155,178,219,266,322,447,571,729,866,878,1215,5845
Fiji,0,0,0,0,0,0,0,0,0,0,0,0
Finland,0,0,0,1,2,5,10,20,23,33,134,229
France,6,10,19,35,66,114,186,283,324,563,4602,6209
Gabon,1,1,1,1,2,2,3,3,5,5,11,34
Gambia,2,3,3,4,5,7,9,10,14,12,15,82
Georgia,3,4,6,9,16,22,32,37,45,82,159,415
Germany,7,11,22,55,127,225,378,510,886,1511,4885,8616
Ghana,68,83,98,129,150,188,213,273,317,301,466,2288
Greece,3,4,6,10,16,27,41,68,110,252,1416,1953
Grenada,0,0,0,0,0,0,0,0,0,0,1,3
Guatemala,29,29,31,36,48,60,74,81,111,139,479,1117
Guinea,26,28,31,41,60,86,113,128,157,137,145,953
Guinea-Bissau,5,6,7,8,11,14,20,21,23,18,18,152
Guyana,0,0,0,0,0,0,0,0,0,0,0,0
Haiti,24,25,25,30,40,47,63,70,99,107,197,727
Honduras,3,3,4,5,8,12,18,21,27,32,91,225
Hungary,1,4,8,15,26,52,90,89,115,125,325,852
Iceland,0,0,0,0,0,0,1,1,2,3,16,23
India,3643,5579,7644,12492,22225,35464,60722,72660,84279,80271,127526,512505
Indonesia,356,453,582,878,1310,1934,2698,3030,3912,4028,5971,25152
Isl.Rep.of Iran,110,114,128,176,262,348,477,502,588,840,2251,5796
Iraq,72,88,105,130,144,160,256,237,309,288,452,2241
Ireland,1,1,2,2,4,8,16,28,43,68,287,460
Israel,2,3,5,7,12,21,39,65,78,112,566,909
Italy,6,10,19,34,60,96,173,333,547,1108,5887,8274
Jamaica,2,2,3,4,6,8,12,15,20,26,111,208
Japan,25,38,68,100,168,303,694,1486,2349,3929,24267,33427
Jordan,9,10,12,15,19,22,30,39,51,56,113,375
Kazakhstan,28,38,48,59,103,122,164,138,171,241,277,1388
Kenya,35,42,49,56,67,89,112,124,139,170,305,1189
Kiribati,0,0,0,0,0,0,0,0,0,0,0,0
Kuwait,3,5,6,6,9,13,14,16,19,18,28,137
Kyrgyzstan,7,9,11,15,25,30,41,33,41,74,159,446
Lao Peo.Dem.Rep.,14,17,18,23,31,41,60,70,89,94,149,606
Latvia,1,1,2,3,4,6,6,7,8,10,19,66
Lebanon,2,2,3,4,7,10,17,25,36,52,148,306
Lesotho,13,14,15,16,20,29,45,54,60,60,85,411
Liberia,5,6,6,9,13,17,21,26,34,30,31,198
Libyan Arab Jamahiriya,5,7,9,12,14,17,24,30,40,46,107,311
Lithuania,1,2,3,4,6,10,12,14,15,21,47,134
Luxembourg,0,0,0,0,1,1,2,2,3,5,29,43
Madagascar,5,6,6,6,8,11,13,13,15,16,23,122
Malawi,18,21,23,27,31,41,57,88,114,111,129,661
Malaysia,60,68,84,118,191,277,406,543,592,663,1344,4346
Maldives,0,0,0,0,0,0,1,1,1,2,3,9
Mali,17,17,19,24,30,40,52,65,78,60,69,471
Malta,0,0,0,0,1,1,3,5,6,12,37,65
Marshall Islands,nan,nan,nan,nan,nan,nan,nan,nan,nan,nan,nan,nan
Mauritania,3,3,4,6,9,12,14,18,22,22,30,143
Mauritius,0,0,0,0,0,0,0,0,0,0,2,4
Mexico,104,136,184,213,301,408,557,744,1005,1304,4351,9307
Fed.Sts.of Micronesia,0,0,0,0,0,0,0,0,0,0,0,0
Monaco,0,0,0,0,0,0,0,0,0,0,0,0
Mongolia,3,4,6,7,9,9,10,10,12,11,17,98
Morocco+W.Sahara,28,33,42,63,102,149,212,227,317,378,835,2387
Mozambique,19,20,24,28,34,47,70,77,97,92,133,642
Myanmar,83,102,121,178,288,458,730,787,906,928,1514,6096
Namibia,6,8,9,11,14,17,23,27,33,31,48,227
Nauru,nan,nan,nan,nan,nan,nan,nan,nan,nan,nan,nan,nan
Nepal,78,117,166,256,419,608,1141,1437,1768,1722,2431,10143
Netherlands,1,2,4,9,18,34,62,116,168,268,1277,1958
New Zealand,0,0,0,0,0,0,0,0,0,0,0,0
Nicaragua,1,1,1,1,2,3,4,4,6,7,34,64
Niger,29,35,39,52,85,105,122,148,171,137,145,1068
Nigeria,250,278,314,401,561,733,932,1203,1492,1291,1451,8904
Niue,nan,nan,nan,nan,nan,nan,nan,nan,nan,nan,nan,nan
Norway,0,0,1,2,4,8,16,34,46,64,345,520
Oman,6,5,5,6,7,10,13,12,18,18,39,140
Pakistan,412,531,604,849,1308,1772,2545,3552,5006,4877,7935,29390
Palau,nan,nan,nan,nan,nan,nan,nan,nan,nan,nan,nan,nan
Panama,1,1,1,2,3,4,5,6,9,11,45,88
Papua New Guinea,0,0,0,0,0,0,0,0,0,0,0,0
Paraguay,2,2,2,3,5,7,10,13,16,20,63,142
Peru,10,13,16,22,33,42,63,81,109,145,613,1148
Philippines,92,112,132,184,255,370,528,657,746,909,2226,6211
Poland,10,16,23,33,64,133,215,273,257,383,1248,2656
Portugal,3,6,10,15,23,35,55,95,166,311,1715,2433
Qatar,2,2,3,3,3,3,3,2,2,3,3,31
Rep.of Korea,8,12,23,42,74,120,174,322,592,920,3136,5424
Rep.of Moldova,3,6,9,12,22,26,34,21,26,30,52,239
Romania,10,18,29,48,59,104,151,171,192,289,630,1699
Russian Fed.,211,261,299,334,552,747,899,691,646,1164,1529,7333
Rwanda,21,21,23,27,46,58,74,76,91,75,176,688
St.Kitts+Nevis,nan,nan,nan,nan,nan,nan,nan,nan,nan,nan,nan,nan
St.Lucia,0,0,0,0,0,0,0,0,0,0,1,3
St.Vincent+Grenadines,0,0,0,0,0,0,0,0,0,0,1,2
Samoa,0,0,0,0,0,0,0,0,0,0,0,0
San Marino,0,0,0,0,0,0,0,0,0,0,0,0
Sao Tome+Principe,0,0,0,0,0,1,1,1,1,2,4,10
Saudi Arabia,29,39,48,60,86,85,216,204,255,245,729,1997
Senegal,25,28,31,38,49,61,76,94,120,115,144,781
Serbia+Montenegro,2,3,5,9,17,32,62,80,91,133,297,733
Seychelles,0,0,0,0,0,0,0,0,0,0,0,0
Sierra Leone,18,20,22,26,35,43,53,67,75,55,41,454
Singapore,3,4,9,14,27,51,74,146,138,225,485,1176
Slovakia,2,3,4,6,11,20,31,35,42,51,161,365
Slovenia,0,0,0,1,2,3,7,9,16,27,145,210
Solomon Islands,0,0,0,0,0,0,0,0,0,0,0,0
Somalia,9,10,13,16,20,27,34,39,43,41,43,296
South Africa,233,217,234,259,370,480,724,690,719,595,1195,5714
Spain,7,13,25,44,76,123,193,325,553,933,6508,8800
Sri Lanka,15,25,33,55,91,133,200,326,403,308,760,2350
Sudan,60,70,83,111,148,193,260,337,409,401,634,2705
Suriname,0,0,0,0,0,0,0,0,0,0,0,0
Swaziland,4,4,5,5,6,8,11,13,16,15,19,108
Sweden,1,1,1,3,5,10,20,47,72,99,528,786
Switzerland,1,1,2,3,7,13,22,42,63,90,551,794
Syrian Arab Rep.,16,16,18,27,43,60,88,93,112,119,277,869
Tajikistan,26,27,29,35,44,54,61,54,57,91,188,666
Thailand,111,186,246,353,507,642,891,1088,1534,1872,5310,12740
Fmr.Yugoslav Rep.of Macedonia,0,1,1,2,3,5,10,13,19,28,49,131
Timor-Leste,0,0,1,1,1,2,2,3,4,4,5,23
Togo,23,26,29,34,43,54,65,80,92,77,78,601
Tonga,0,0,0,0,0,0,0,0,0,0,0,0
Trinidad+Tobago,0,0,1,1,1,1,2,2,2,3,8,20
Tunisia,8,9,11,18,29,44,70,77,106,148,449,971
Turkey,34,44,61,98,164,266,439,593,789,912,2341,5740
Turkmenistan,8,8,8,9,11,13,14,12,9,14,21,128
Tuvalu,nan,nan,nan,nan,nan,nan,nan,nan,nan,nan,nan,nan
Uganda,71,79,93,101,111,142,189,223,281,276,439,2004
Ukraine,53,70,85,104,153,188,236,216,226,413,647,2391
United Arab Emirates,47,57,74,78,77,54,32,27,23,16,43,528
United Kingdom,11,17,30,55,104,180,320,617,909,1340,7330,10914
United Rep.of Tanzania,48,56,66,80,100,134,170,217,268,293,415,1847
United Sts.of America,146,193,300,566,1276,2299,3489,5032,6307,7515,26882,54005
Uruguay,0,0,1,1,2,3,4,6,8,11,48,83
Uzbekistan,67,72,82,89,125,142,153,113,132,166,291,1431
Vanuatu,0,0,0,0,0,0,0,0,0,0,0,0
Boliv.Rep.of Venezuela,13,14,15,22,36,47,57,67,89,110,332,803
Viet Nam,75,93,115,201,345,535,790,800,1030,1443,6062,11488
Yemen,42,46,46,62,90,119,162,212,213,195,322,1509
Zambia,42,51,60,64,71,83,105,129,164,171,207,1146
Zimbabwe,49,54,52,56,74,87,118,109,154,157,292,1202
PuertoRico_VirginIslands,3,5,6,10,17,25,40,62,80,102,425,775